function out1 = dPHIds(dx,dy,mu,alpha,in5)
%dPHIds
%    OUT1 = dPHIds(DX,DY,MU,ALPHA,IN5)

%    This function was generated by the Symbolic Math Toolbox version 9.0.
%    26-May-2022 16:50:39

%Version: 0.9
u1 = in5(1,:);
u2 = in5(2,:);
u3 = in5(3,:);
u4 = in5(4,:);
u5 = in5(5,:);
u6 = in5(6,:);
u7 = in5(7,:);
u8 = in5(8,:);
t2 = dx.^2;
t3 = u1.*2.0;
t4 = u2.*2.0;
t5 = u3.*2.0;
t6 = u2.*4.0;
t7 = u4.*2.0;
t8 = u5.*2.0;
t9 = u4.*4.0;
t10 = u6.*2.0;
t11 = u7.*2.0;
t12 = u6.*4.0;
t13 = u8.*2.0;
t14 = u8.*4.0;
t15 = mu.*u2.*6.0;
t16 = mu.*u4.*6.0;
t17 = mu.*u6.*6.0;
t18 = mu.*u8.*6.0;
t19 = 1.0./dx;
t20 = 1.0./dy;
t21 = -u4;
t22 = -u5;
t24 = -u6;
t26 = -u7;
t31 = mu.*u1.*1.2e+1;
t32 = mu.*u2.*1.2e+1;
t33 = mu.*u3.*1.2e+1;
t34 = mu.*u4.*1.2e+1;
t35 = mu.*u5.*1.2e+1;
t36 = mu.*u6.*1.2e+1;
t37 = mu.*u7.*1.2e+1;
t38 = mu.*u8.*1.2e+1;
t39 = mu.*u1.*2.4e+1;
t40 = mu.*u3.*2.4e+1;
t41 = mu.*u5.*2.4e+1;
t42 = mu.*u7.*2.4e+1;
t23 = -t8;
t25 = -t10;
t27 = -t11;
t28 = -t12;
t29 = -t13;
t30 = -t14;
t43 = alpha.*t2.*t3;
t44 = alpha.*t2.*t4;
t45 = alpha.*t2.*t5;
t46 = alpha.*t2.*t7;
t47 = alpha.*t2.*t8;
t48 = alpha.*t2.*t10;
t49 = alpha.*t2.*t11;
t50 = alpha.*t2.*t13;
t51 = t22+t26+u1+u3;
t52 = t21+t24+u2+u8;
t53 = t5+t23+t26+u1;
t54 = t3+t22+t27+u3;
t55 = t4+t9+t28+t29;
t56 = t6+t7+t25+t30;
t57 = (mu.*t51)./4.0;
t58 = (mu.*t52)./4.0;
t59 = -t57;
t60 = -t58;
t61 = (dx.*mu.*t20.*t53)./6.0;
t62 = (dx.*mu.*t20.*t54)./6.0;
t63 = (dx.*mu.*t20.*t55)./6.0;
t64 = (dx.*mu.*t20.*t56)./6.0;
mt1 = [t58+t62+(dy.*t19.*(-t35+t37+t39-t40+t45+t49+alpha.*t2.*u1.*4.0+alpha.*t2.*u5))./3.6e+1;t57+t64+(dy.*t19.*(-t17+t18+t32-t34+t46+t50+alpha.*t2.*t6+alpha.*t2.*u6))./3.6e+1;t58+t61+(dy.*t19.*(t35-t37-t39+t40+t43+t47+alpha.*t2.*u3.*4.0+alpha.*t2.*u7))./3.6e+1;t59+t63+(dy.*t19.*(t17-t18-t32+t34+t44+t48+alpha.*t2.*t9+alpha.*t2.*u8))./3.6e+1;t60-t61+(dy.*t19.*(-t31+t33+t41-t42+t45+t49+alpha.*t2.*u1+alpha.*t2.*u5.*4.0))./3.6e+1;t59-t63+(dy.*t19.*(-t15+t16+t36-t38+t46+t50+alpha.*t2.*t12+alpha.*t2.*u2))./3.6e+1];
mt2 = [t60-t62+(dy.*t19.*(t31-t33-t41+t42+t43+t47+alpha.*t2.*u3+alpha.*t2.*u7.*4.0))./3.6e+1;t57-t64+(dy.*t19.*(t15-t16-t36+t38+t44+t48+alpha.*t2.*t14+alpha.*t2.*u4))./3.6e+1];
out1 = [mt1;mt2];
